,Pop_setor,Dom_setor
0,592.0,188.0
1,684.0,206.0
2,947.0,235.0
3,745.0,208.0
4,863.0,271.0
5,168.0,53.0
6,942.0,307.0
7,1712.0,504.0
8,1106.0,310.0
9,328.0,100.0
10,,
11,893.0,247.0
12,1201.0,334.0
13,819.0,211.0
14,838.0,239.0
15,979.0,286.0
16,601.0,178.0
17,975.0,266.0
18,584.0,172.0
19,854.0,235.0
20,366.0,118.0
21,89.0,26.0
22,40.0,10.0
23,,
24,,
25,,
26,0.0,0.0
27,112.0,36.0
28,72.0,23.0
29,123.0,30.0
30,0.0,0.0
31,122.0,40.0
32,28.0,6.0
33,307.0,140.0
34,447.0,163.0
35,579.0,209.0
36,396.0,148.0
37,322.0,116.0
38,602.0,203.0
39,630.0,236.0
40,125.0,46.0
41,421.0,183.0
42,364.0,144.0
43,382.0,132.0
44,717.0,249.0
45,731.0,232.0
46,733.0,239.0
47,584.0,178.0
48,173.0,53.0
49,835.0,246.0
50,758.0,255.0
51,490.0,161.0
52,47.0,0.0
53,337.0,123.0
54,283.0,113.0
55,347.0,117.0
56,528.0,170.0
57,454.0,153.0
58,1031.0,348.0
59,937.0,301.0
60,1000.0,279.0
61,951.0,287.0
62,1015.0,291.0
63,132.0,38.0
64,315.0,130.0
65,1282.0,405.0
66,1272.0,387.0
67,630.0,221.0
68,587.0,197.0
69,679.0,249.0
70,988.0,319.0
71,1258.0,393.0
72,465.0,113.0
73,73.0,20.0
74,36.0,12.0
75,653.0,198.0
76,739.0,224.0
77,738.0,241.0
78,906.0,297.0
79,668.0,239.0
80,728.0,242.0
81,564.0,180.0
82,451.0,153.0
83,640.0,235.0
84,1079.0,344.0
85,543.0,178.0
86,832.0,287.0
87,881.0,261.0
88,586.0,184.0
89,697.0,201.0
90,575.0,168.0
91,550.0,164.0
92,760.0,222.0
93,1102.0,321.0
94,962.0,279.0
95,593.0,158.0
96,651.0,182.0
97,1430.0,387.0
98,289.0,84.0
99,410.0,125.0
100,586.0,179.0
101,558.0,190.0
102,633.0,218.0
103,840.0,268.0
104,565.0,183.0
105,538.0,165.0
106,1015.0,329.0
107,912.0,287.0
108,717.0,230.0
109,751.0,289.0
110,857.0,238.0
111,900.0,254.0
112,550.0,163.0
113,875.0,270.0
114,740.0,246.0
115,650.0,217.0
116,609.0,189.0
117,591.0,204.0
118,573.0,195.0
119,563.0,181.0
120,553.0,177.0
121,1185.0,374.0
122,465.0,135.0
123,855.0,241.0
124,781.0,235.0
125,701.0,204.0
126,19.0,7.0
127,285.0,81.0
128,1475.0,442.0
129,1359.0,411.0
130,922.0,259.0
131,1301.0,371.0
132,1042.0,318.0
133,672.0,194.0
134,807.0,226.0
135,1689.0,440.0
136,1455.0,380.0
137,850.0,263.0
138,907.0,252.0
139,640.0,189.0
140,547.0,161.0
141,933.0,275.0
142,883.0,256.0
143,521.0,133.0
144,998.0,299.0
145,1042.0,299.0
146,645.0,189.0
147,1115.0,313.0
148,759.0,206.0
149,670.0,176.0
150,679.0,196.0
151,0.0,0.0
152,46.0,13.0
153,,
154,483.0,212.0
155,1130.0,352.0
156,699.0,243.0
157,694.0,204.0
158,929.0,321.0
159,744.0,233.0
160,717.0,230.0
161,631.0,181.0
162,683.0,212.0
163,595.0,187.0
164,562.0,179.0
165,835.0,253.0
166,738.0,233.0
167,332.0,109.0
168,811.0,247.0
169,705.0,223.0
170,598.0,176.0
171,802.0,241.0
172,654.0,187.0
173,718.0,197.0
174,577.0,168.0
175,373.0,101.0
176,1053.0,335.0
177,856.0,288.0
178,694.0,195.0
179,856.0,258.0
180,817.0,226.0
181,896.0,276.0
182,941.0,231.0
183,51.0,16.0
184,853.0,237.0
185,468.0,143.0
186,574.0,176.0
187,75.0,26.0
188,774.0,238.0
189,713.0,204.0
190,895.0,267.0
191,533.0,154.0
192,1258.0,414.0
193,712.0,203.0
194,803.0,233.0
195,687.0,206.0
196,681.0,182.0
197,975.0,281.0
198,1506.0,450.0
199,1773.0,490.0
200,1036.0,305.0
201,728.0,197.0
202,1117.0,264.0
203,1125.0,324.0
204,1253.0,334.0
205,1040.0,273.0
206,428.0,123.0
207,1150.0,315.0
208,797.0,217.0
209,1279.0,355.0
210,1096.0,309.0
211,1125.0,332.0
212,1041.0,314.0
213,849.0,239.0
214,1270.0,445.0
215,471.0,141.0
216,785.0,226.0
217,21.0,7.0
218,649.0,181.0
219,0.0,0.0
220,378.0,115.0
221,522.0,151.0
222,1372.0,418.0
223,349.0,134.0
224,322.0,82.0
225,1489.0,401.0
226,0.0,0.0
227,734.0,199.0
228,874.0,290.0
229,912.0,308.0
230,511.0,178.0
231,977.0,234.0
232,784.0,232.0
233,986.0,329.0
234,1060.0,304.0
235,797.0,215.0
236,1568.0,434.0
237,959.0,246.0
238,1409.0,478.0
239,543.0,164.0
240,935.0,292.0
241,618.0,177.0
242,997.0,289.0
243,199.0,59.0
244,369.0,125.0
245,520.0,147.0
246,221.0,67.0
247,527.0,162.0
248,356.0,114.0
249,265.0,86.0
250,0.0,0.0
251,179.0,70.0
252,75.0,26.0
253,368.0,127.0
254,62.0,24.0
255,232.0,94.0
256,61.0,20.0
257,25.0,12.0
258,0.0,0.0
259,968.0,290.0
260,290.0,117.0
261,47.0,17.0
262,15.0,5.0
263,371.0,147.0
264,10.0,8.0
265,485.0,182.0
266,351.0,120.0
267,445.0,140.0
268,,
269,361.0,105.0
270,156.0,54.0
271,,
272,,
273,509.0,143.0
274,0.0,0.0
275,0.0,0.0
276,29.0,9.0
277,252.0,77.0
278,0.0,0.0
279,255.0,79.0
280,172.0,63.0
281,489.0,129.0
282,0.0,0.0
283,59.0,20.0
284,236.0,70.0
285,95.0,36.0
286,123.0,42.0
287,444.0,119.0
288,746.0,236.0
289,,
290,776.0,234.0
291,166.0,51.0
292,0.0,0.0
293,289.0,75.0
294,507.0,145.0
295,0.0,0.0
296,49.0,9.0
297,,
298,261.0,73.0
299,,
300,15.0,5.0
301,,
302,117.0,35.0
303,,
304,,
305,,
306,,
307,0.0,0.0
308,0.0,0.0
309,33.0,10.0
310,0.0,0.0
311,37.0,10.0
312,114.0,39.0
313,816.0,268.0
314,89.0,26.0
315,107.0,24.0
316,,
317,16.0,5.0
318,,
319,,
320,28.0,6.0
321,,
322,341.0,98.0
323,175.0,51.0
324,,
325,36.0,10.0
326,59.0,18.0
327,53.0,14.0
328,89.0,23.0
329,31.0,12.0
330,62.0,19.0
331,,
332,103.0,41.0
333,0.0,0.0
334,20.0,5.0
335,449.0,137.0
336,308.0,88.0
337,765.0,209.0
338,344.0,81.0
339,941.0,265.0
340,514.0,145.0
341,,
342,,
343,676.0,191.0
344,1035.0,309.0
345,842.0,267.0
346,259.0,78.0
347,766.0,201.0
348,843.0,229.0
349,732.0,216.0
350,658.0,200.0
351,910.0,242.0
352,727.0,180.0
353,861.0,253.0
354,623.0,175.0
355,609.0,174.0
356,1226.0,346.0
357,1738.0,443.0
358,84.0,23.0
359,0.0,0.0
360,0.0,0.0
361,0.0,0.0
362,23.0,6.0
363,0.0,0.0
364,0.0,0.0
365,206.0,69.0
366,802.0,230.0
367,936.0,274.0
368,811.0,221.0
369,1481.0,418.0
370,520.0,154.0
371,458.0,125.0
372,82.0,22.0
373,211.0,61.0
374,21.0,8.0
375,0.0,0.0
376,0.0,0.0
377,,
378,,
379,,
380,,
381,0.0,0.0
382,0.0,0.0
383,,
384,,
385,,
386,133.0,40.0
387,0.0,0.0
388,0.0,0.0
389,,
390,116.0,32.0
391,,
392,141.0,41.0
393,96.0,29.0
394,124.0,38.0
395,101.0,27.0
396,83.0,25.0
397,27.0,7.0
398,28.0,8.0
399,,
400,48.0,14.0
401,903.0,253.0
402,1415.0,393.0
403,544.0,166.0
404,1516.0,449.0
405,0.0,0.0
406,,
407,,
408,,
409,0.0,0.0
410,0.0,0.0
411,,
