292
52
236
232
171
343
169
105
292
291
239
237
203
291
291
175
291
193
212
292
291
213
343
35
291
309
291
157
42
186
292
186
181
292
292
291
291
291
291
294
291
291
288
292
291
84
291
181
238
161
76
290
291
49
290
291
156
74
181
111
172
291
291
290
80
291
292
290
239
79
188
239
290
313
80
181
80
213
157
337
179
2
17
166
157
337
239
176
290
7
181
337
291
290
290
291
290
233
292
76
346
186
42
290
290
42
337
191
69
291
290
160
291
181
187
310
190
212
181
290
290
291
290
42
290
161
290
237
233
181
290
238
181
58
161
239
239
290
157
290
181
96
181
211
239
93
173
290
355
291
290
290
157
190
163
163
343
291
181
157
291
181
15
181
291
291
290
186
190
291
291
291
291
337
291
192
239
181
291
74
239
290
290
188
76
149
181
290
157
181
291
291
227
290
161
290
352
145
181
157
168
288
290
239
181
5
145
290
184
291
157
16
343
181
290
170
164
206
266
170
195
337
189
300
290
189
292
18
294
18
290
290
106
99
181
122
273
100
273
169
168
97
111
290
309
187
292
186
321
157
186
294
187
205
186
187
181
239
171
343
121
276
204
276
190
205
290
156
276
36
90
239
35
144
276
343
294
158
236
291
171
239
168
97
144
288
168
229
186
308
112
144
232
238
187
203
168
354
156
288
291
291
181
235
165
156
288
238
80
239
161
329
288
288
163
309
239
288
42
276
276
18
346
288
232
72
144
170
298
161
168
154
165
160
309
168
237
61
170
284
339
161
168
160
190
114
343
339
36
161
160
366
154
232
207
115
339
169
238
284
346
119
119
163
238
165
54
238
292
98
116
183
259
300
156
346
344
191
233
160
90
233
160
232
321
156
349
160
13
313
159
186
38
239
233
184
160
191
233
232
321
235
164
309
294
146
343
235
313
343
360
343
346
235
237
403
346
191
313
346
237
343
320
343
165
232
161
343
173
347
195
232
239
313
238
29
372
343
238
314
355
166
349
238
238
346
388
50
114
120
313
238
164
232
238
238
170
238
343
166
348
343
343
72
211
238
238
346
79
175
346
346
207
252
238
193
148
346
314
276
346
314
192
191
351
195
195
115
351
238
192
191
80
69
343
14
351
117
314
343
343
356
195
192
191
174
194
346
198
346
58
158
164
196
298
346
233
193
230
346
172
360
78
11
360
198
175
193
196
196
354
194
193
195
294
194
198
204
121
356
290
198
173
203
12
237
195
213
287
194
248
353
174
196
195
270
200
172
193
198
169
194
290
237
197
344
337
172
354
195
198
115
122
205
158
157
196
44
176
160
354
156
199
14
76
92
12
365
290
290
290
164
170
203
115
195
19
1
175
164
17
198
195
90
387
194
34
236
76
355
351
181
198
172
207
351
203
349
16
200
198
174
198
353
176
353
210
197
354
259
15
236
197
13
203
176
197
235
236
164
192
355
351
301
173
347
192
353
203
300
13
354
2
358
353
240
202
350
81
44
83
198
252
237
210
262
176
204
203
353
240
348
64
236
176
265
300
349
236
15
79
175
115
205
121
240
351
112
118
175
35
240
11
235
84
347
210
197
202
197
236
117
211
44
344
122
122
344
33
240
347
237
178
13
364
79
202
202
211
77
235
197
213
350
197
240
249
200
197
297
14
34
344
203
210
176
204
210
197
313
200
44
77
235
240
11
300
121
240
60
207
72
240
210
176
43
204
121
236
177
300
20
353
350
236
210
236
203
71
203
177
72
11
199
197
236
300
353
175
236
197
76
176
240
177
74
344
173
237
14
210
42
85
119
236
12
121
121
16
13
208
164
237
240
240
96
80
114
44
200
210
348
41
34
344
122
108
71
8
211
115
41
237
121
164
353
230
230
348
200
347
199
218
57
237
203
34
12
12
178
237
260
84
119
12
15
163
16
212
30
56
79
163
320
17
176
122
15
263
116
120
124
177
30
84
199
198
50
178
12
79
122
177
178
81
17
178
198
15
212
15
211
236
177
15
15
13
176
81
116
64
64
46
177
146
292
17
65
12
42
100
11
178
176
84
149
143
116
212
52
14
116
222
13
212
211
208
115
258
51
116
176
212
211
212
116
13
211
310
11
291
213
17
17
208
260
222
71
17
75
163
13
20
222
14
261
223
164
13
14
14
14
212
213
163
116
263
178
30
212
261
212
120
84
114
79
212
254
11
116
212
387
163
212
212
11
211
36
212
259
222
261
212
114
75
85
83
310
211
163
76
78
211
313
211
200
51
223
222
211
223
120
84
36
169
20
163
49
117
162
75
114
50
51
95
50
36
162
114
160
208
10
223
61
295
259
259
58
295
120
164
259
259
260
163
128
35
74
259
60
127
76
257
83
261
49
295
114
215
215
120
78
215
112
114
77
250
78
215
75
75
74
128
35
1
74
74
256
4
292
74
84
72
104
75
38
74
162
36
78
114
49
255
42
127
164
49
114
35
76
79
76
215
107
75
35
36
256
74
78
215
84
106
76
44
77
35
56
255
215
74
215
75
44
215
56
127
44
55
33
86
63
74
34
258
256
41
18
46
74
46
44
72
34
258
74
74
254
257
34
43
34
255
74
20
46
44
215
74
215
50
77
42
121
123
39
46
46
250
46
0
42
33
250
36
33
294
123
121
33
38
255
163
255
0
272
59
153
252
123
123
18
89
18
1
37
1
90
87
253
87
40
89
18
59
69
0
253
265
37
90
125
59
251
56
57
124
157
57
58
60
2
58
18
59
64
60
272
58
121
88
89
88
39
257
259
60
338
59
20
58
56
125
60
313
239
2
2
56
340
2
2
340
272
302
179
2
88
18
60
92
95
92
340
93
93
106
88
94
60
266
18
179
18
125
18
125
95
93
180
18
94
19
18
11
35
106
179
221
112
88
91
180
93
91
70
92
94
180
387
94
111
111
180
180
94
94
112
112
69
21
95
112
96
98
94
94
95
95
279
67
19
112
93
95
19
266
70
92
110
88
70
71
112
121
221
112
221
221
107
221
70
66
266
21
39
69
251
65
111
112
71
70
266
112
71
112
133
107
65
72
108
71
71
108
71
108
267
108
108
95
65
71
397
85
125
267
106
322
112
89
88
99
4
108
70
70
111
267
67
67
108
273
108
107
66
397
65
291
108
66
100
360
107
267
322
98
267
102
218
66
112
273
273
270
67
65
102
271
68
96
99
270
4
65
267
66
99
99
7
4
103
66
99
98
98
4
66
96
66
66
98
102
66
273
273
273
270
5
5
8
70
269
340
402
343
6
103
407
99
105
105
4
102
92
340
8
7
8
8
100
269
99
6
8
5
269
149
5
269
269
128
5
5
100
271
5
7
401
403
5
5
5
308
8
2
97
271
220
273
394
6
271
402
403
394
7
8
9
105
8
403
403
397
401
8
401
9
403
402
146
401
407
401
95
403
401
53
220
394
8
143
335
213
402
402
8
80
93
394
404
404
402
42
394
394
402
404
7
7
7
128
7
405
128
5
7
7
140
8
7
128
128
7
7
7
5
7
129
119
42
7
274
41
338
7
274
7
274
7
7
389
128
8
8
267
274
4
4
7
7
69
137
7
7
70
110
281
7
7
128
7
73
106
128
128
128
128
137
276
211
313
128
128
129
128
70
128
402
108
70
389
72
64
128
338
290
1
4
107
111
269
107
338
91
67
128
313
112
7
137
4
160
111
106
133
281
221
104
112
4
110
112
106
129
130
130
93
143
281
145
133
7
70
366
128
105
128
335
137
18
7
133
110
110
133
133
130
7
224
130
138
6
139
107
7
112
7
279
108
367
6
6
410
410
5
6
7
360
131
369
131
138
275
138
276
138
140
139
366
131
131
131
131
141
140
139
7
141
141
141
141
141
83
225
306
369
335
335
335
335
137
335
285
279
7
134
410
135
143
139
7
5
134
225
225
134
130
225
367
225
225
225
335
7
134
225
225
225
134
130
271
242
7
7
306
8
5
225
279
306
7
144
135
305
305
7
6
238
269
6
1
133
279
134
221
33
130
137
279
135
279
239
146
276
221
134
366
320
243
306
146
343
237
248
135
30
367
368
137
152
152
334
141
323
335
320
313
146
221
221
279
226
137
221
279
279
279
20
149
294
279
279
280
138
279
290
160
221
308
239
239
243
239
239
387
239
203
343
146
276
241
249
241
146
146
146
147
222
323
346
410
372
152
334
139
139
327
284
278
315
327
141
276
366
141
130
410
327
149
148
149
225
368
313
360
137
148
148
292
137
330
148
144
148
147
147
150
388
145
148
410
248
276
276
8
144
241
241
148
335
73
248
368
286
72
248
243
248
148
332
248
249
387
175
335
359
338
238
46
387
387
192
249
235
330
370
276
196
249
330
95
276
276
249
248
144
130
305
330
249
249
249
338
387
321
390
390
390
320
236
387
387
397
387
390
2
276
308
308
387
410
144
249
248
137
166
367
376
276
276
248
88
374
383
141
199
276
225
225
144
308
397
308
397
397
397
388
308
397
144
139
397
397
397
397
338
397
387
15
397
143
343
338
144
388
389
144
338
388
366
366
248
366
366
366
383
370
289
131
366
370
383
369
367
386
148
275
370
384
131
131
213
330
386
370
140
143
213
134
335
55
17
139
290
130
410
116
284
133
305
203
283
248
225
225
4
5
147
225
387
149
122
225
308
34
147
139
348
134
279
387
19
283
225
366
149
239
239
364
146
148
387
335
370
0
364
225
137
335
387
387
225
225
366
390
311
225
339
135
207
149
372
390
335
387
367
125
87
223
335
343
286
387
335
335
134
335
335
279
387
335
249
281
146
92
353
410
330
180
335
128
133
134
314
148
293
338
141
241
130
218
225
335
108
367
388
148
271
397
148
335
335
335
225
335
149
279
335
213
335
335
335
335
138
148
151
305
148
335
335
104
387
149
225
147
327
225
149
373
249
147
249
387
135
239
85
85
148
249
135
213
313
131
410
147
289
313
183
147
367
248
144
308
138
290
36
366
148
327
308
313
279
353
108
279
276
397
148
156
318
330
147
146
313
74
335
205
108
279
144
390
343
343
366
405
246
369
367
225
306
347
165
262
347
30
163
121
239
248
1
264
343
239
388
364
144
291
68
144
225
144
335
349
366
239
387
130
386
338
103
139
335
366
374
225
157
90
128
400
330
364
143
410
225
49
79
225
385
335
382
114
249
308
383
338
149
308
330
290
143
313
387
239
147
143
276
239
148
307
148
308
356
145
129
124
369
389
1
181
255
57
149
143
148
248
249
147
149
308
146
144
91
213
178
126
204
243
306
146
225
88
46
252
34
258
68
225
115
310
202
84
71
199
367
410
83
335
46
227
68
35
260
145
50
146
72
146
224
227
75
163
246
118
117
84
114
105
101
115
7
249
89
128
137
77
44
41
41
215
6
249
128
124
103
1
166
170
154
249
33
289
5
292
292
186
188
233
313
240
230
41
11
12
166
103
266
82
272
102
5
156
59
8
110
71
211
118
7
129
265
145
69
273
279
107
35
110
176
81
256
345
239
294
157
87
164
276
230
291
230
331
220
346
235
235
175
203
187
218
65
19
105
276
18
102
5
198
163
403
280
292
180
213
232
79
352
238
253
18
213
93
107
7
321
165
291
39
19
354
85
251
123
271
37
123
17
345
122
39
398
394
118
176
106
122
394
205
160
14
181
43
203
46
237
258
257
257
144
200
200
344
208
213
207
210
210
235
165
149
343
343
190
12
33
166
181
103
210
210
343
233
238
210
200
254
233
138
64
166
127
74
367
74
166
162
75
35
127
181
114
189
187
229
188
402
127
160
159
160
159
207
258
215
215
163
215
77
158
236
291
157
181
290
13
78
156
288
156
288
145
402
356
174
145
405
354
145
404
229
210
173
227
276
30
276
213
12
90
90
213
338
338
141
213
213
111
213
261
94
291
159
262
189
143
11
12
220
300
350
291
188
11
12
15
13
164
141
210
210
141
141
236
200
146
236
137
138
204
134
134
137
137
137
205
138
291
78
133
200
204
290
181
290
76
130
129
104
292
239
200
130
107
252
86
130
190
130
16
129
16
208
5
172
208
128
207
207
128
36
207
128
206
144
206
298
255
118
206
206
225
74
62
203
163
237
239
337
128
128
90
390
308
390
367
340
15
372
15
17
353
17
381
13
383
367
241
290
119
178
210
164
2
91
352
60
91
353
90
352
232
343
353
94
343
173
220
290
338
351
348
227
348
350
387
243
387
127
252
348
9
354
355
222
401
8
8
355
355
208
355
9
355
154
157
354
355
65
355
65
356
65
58
292
236
161
190
119
50
202
6
291
105
65
133
66
291
43
66
188
289
200
344
97
199
42
227
272
40
89
189
323
52
121
7
81
249
249
255
154
75
344
130
269
204
8
9
272
330
238
133
11
106
175
239
255
167
157
53
273
178
360
72
129
55
6
285
139
145
149
181
69
378
108
189
388
302
302
38
22
134
33
309
278
133
135
222
256
40
383
393
222
33
356
50
74
215
239
79
108
85
54
139
205
238
205
227
221
273
249
83
176
93
69
259
80
372
249
259
130
129
129
128
195
353
46
46
259
259
259
259
259
259
259
178
259
259
72
259
72
259
325
259
231
295
334
215
4
279
133
306
242
245
88
302
311
129
131
2
130
366
180
148
53
6
85
60
95
18
70
327
157
69
270
271
271
106
70
279
130
141
285
135
247
313
11
148
134
263
383
83
365
339
143
347
146
115
70
213
141
204
240
119
13
366
273
57
218
215
222
199
173
101
198
173
221
194
110
169
221
175
112
71
119
82
68
51
117
43
241
79
49
43
103
103
241
