1798
2142
1083
1491
1469
1380
1468
326
1801
1791
1605
1096
1178
1735
1775
1289
1776
1332
896
1796
1774
915
1361
680
1742
1428
1733
1581
572
1567
1795
1562
1700
1783
1784
1786
1788
1777
1773
1547
1792
1793
1682
1785
1790
2125
1770
1745
1420
1510
730
1657
1787
708
1637
1789
1693
853
1632
533
1301
1706
1753
1636
2195
1764
1757
1621
1594
2199
1556
1601
1639
1586
2196
1633
2193
939
1580
1721
1901
1935
995
1478
1669
1722
1593
1047
1640
168
1664
1769
1705
1713
1649
1731
1620
1437
1759
740
1348
1561
570
1659
1619
569
1724
1339
441
1767
1647
1516
1751
1660
1538
875
1445
910
1634
1618
1624
1737
1617
575
1615
1501
1642
1095
1432
1630
1641
1402
1661
1962
1511
1602
1592
1712
1670
1625
1665
397
1627
893
1606
1853
871
1727
71
1736
1725
1635
1571
1446
800
799
1365
1755
1626
1671
1728
1629
978
1628
1768
1780
1714
1563
1443
1754
1730
1756
1752
1720
1732
1442
1604
1743
1772
846
1609
1654
1645
1557
761
2575
1702
1644
1668
1741
1750
1739
2557
1623
1506
1653
35
2996
1703
1572
1450
1681
1646
1596
1663
275
2571
1652
1610
1749
1667
1004
1373
1748
1616
1460
775
1235
564
1461
1316
1718
1492
1117
1648
1498
1760
1885
1559
1886
1638
1643
424
379
1697
2172
353
302
354
1463
1456
360
527
1589
1555
1499
1781
1560
2661
1568
1540
1549
1542
1159
1566
1539
1672
1613
1471
1374
1053
2697
1170
2733
1449
1165
1709
1576
2997
2092
1961
1608
699
2999
2998
1381
1551
1575
1251
1729
1470
1591
1451
361
2729
1688
1452
1512
1565
2745
524
3000
1490
1417
1541
1188
873
66
1675
1687
1747
1761
1696
1258
1521
1676
1686
1418
2194
1603
1509
2609
1685
1679
788
1431
1607
827
573
3001
3002
1884
1363
1680
1496
651
3003
1472
1257
1502
1454
1690
1505
1514
1429
1453
1108
1816
1458
3004
3005
1519
1455
1525
1444
756
1371
3006
2091
1508
1527
2831
1683
1482
1239
2207
3007
1464
1419
3008
1349
2180
2171
798
1421
1504
2069
1407
1782
301
2162
1344
689
1121
1692
1360
1203
1342
1441
1515
1963
1433
1526
1483
2663
1694
18
1528
947
1412
1534
1543
2017
1599
1435
1597
1524
1340
1497
1485
2662
1262
777
1430
1548
2582
1370
1079
1411
1379
80
1384
1347
1263
1109
192
1355
1341
1409
1346
1106
1392
2665
1367
1520
1481
1503
1377
872
5
868
1484
1600
1415
1424
3009
3010
1369
1405
1386
74
1473
20
1394
1400
1359
2801
720
755
2166
1410
1406
797
1479
1404
1401
1459
1403
1391
1476
9
1383
1378
498
892
1395
1396
1358
2202
1288
1354
1351
1245
2078
1398
1322
2533
1352
1388
2710
1350
1385
1336
1329
31
869
1270
2203
28
1399
1335
1338
2192
446
1382
991
30
2158
1387
1390
1372
76
1311
1331
1330
1305
1314
1345
1266
1357
1966
1577
774
1319
1254
1356
1438
867
2222
1353
1307
78
750
931
79
1074
1291
1320
1325
1324
45
865
1321
1275
1545
866
1269
1172
1056
67
1708
1318
1281
1186
963
1094
1312
918
2896
1309
2621
59
1303
1327
870
305
1113
1306
1328
1273
1467
1308
1710
1101
1221
1198
1719
1298
44
1317
1272
2204
1064
1160
1573
1569
1326
645
1042
1517
53
1677
1278
1002
760
1818
964
2505
1711
1715
1717
793
1462
1187
2219
1274
1859
2035
1287
792
996
1267
1276
1954
2918
1313
614
1082
742
46
25
1662
1265
1302
1246
26
1185
23
1007
1130
1271
1293
1268
41
1049
40
1145
1224
51
688
973
1092
1223
954
1182
1048
1222
1261
1099
791
1334
49
24
1180
1297
3
1333
56
1179
1120
949
42
1941
33
38
1226
1149
21
2153
636
2135
1264
2082
1093
1142
2071
1033
1176
1183
39
1206
7
567
1081
1045
2004
1118
19
1098
977
2218
1294
2206
1158
2049
1210
29
510
2159
1065
701
1228
930
1077
2127
6
1141
1218
1137
1219
1080
2156
888
641
1197
1061
1062
1202
612
1204
2
1105
1015
950
2502
752
1150
1151
884
717
1078
1215
938
22
1220
1209
2652
1125
1214
1343
1003
613
1200
1181
1147
1030
1174
1146
1225
1588
1128
644
714
1076
1208
928
1119
1059
1205
1949
1234
648
1211
1135
1031
597
1171
1060
1087
1028
1115
2067
61
15
1090
1140
1088
1193
513
1192
1026
654
926
1067
1216
1085
1116
55
1284
1091
1217
759
1044
1169
1025
844
1201
1283
1100
999
1139
577
2114
2163
1089
961
1057
1055
1006
959
1156
779
1107
1213
1212
373
2190
753
640
1127
1148
12
588
619
1194
2177
462
512
228
880
2189
584
1103
1054
778
57
2221
2220
13
1131
4
1068
371
1991
1104
1191
620
972
967
1027
1102
2098
2119
2164
969
975
787
998
913
902
1988
2217
805
2962
992
1032
2176
983
1985
2187
2165
2056
1039
903
2117
1073
1071
703
1022
970
2215
1066
1024
1023
2147
1010
1020
1072
985
897
984
885
1086
1038
974
981
952
1037
2146
2188
565
566
659
1040
2882
1805
997
382
986
596
296
925
1021
1043
2118
2511
2776
2184
904
2141
1000
2186
2112
958
1905
883
1155
2213
629
2144
2185
1035
894
879
914
2209
955
878
941
943
1794
886
994
1014
1154
2097
2108
506
1013
764
801
953
2022
2110
987
2099
2057
795
948
990
989
988
901
923
804
2210
2019
1017
905
900
2138
912
2174
2124
757
751
895
580
932
2183
899
2680
785
890
898
934
889
2090
907
696
2063
2139
906
773
858
2064
2132
876
887
784
762
749
882
1408
877
1123
2095
2060
2109
874
2061
2175
2126
2089
1465
2065
783
707
2155
823
857
768
709
2143
1844
704
2087
794
770
824
1153
863
2058
1815
820
690
697
1995
861
2168
790
694
691
2094
786
111
700
835
693
1943
851
741
695
2133
2085
712
860
772
763
814
2167
725
817
560
745
727
676
723
815
766
859
843
128
678
2040
847
840
668
284
1802
839
2115
653
331
811
2016
836
829
623
747
769
711
632
578
852
776
706
746
685
744
722
743
816
455
809
682
2086
665
833
726
819
2128
425
739
642
728
681
1983
635
812
831
736
810
637
732
1984
807
646
1982
591
2062
1967
834
622
616
669
593
1888
663
842
647
643
650
618
672
837
838
579
671
621
600
615
633
849
2066
656
638
734
850
738
719
718
576
2048
2042
2008
657
662
628
660
2033
571
602
626
625
609
1544
2053
2051
601
2018
599
802
631
2031
2047
1968
2226
2081
2055
2059
1877
1990
1887
2041
2073
2038
1956
1978
2010
1977
2080
1989
1872
1998
442
2032
2009
2002
2083
1960
1928
2001
2075
1986
1997
2027
1579
1992
1971
1944
1936
1972
1879
1999
417
1942
1915
1970
2050
1926
1973
1925
2011
698
692
1951
2779
2000
1981
1965
1976
1927
1946
1587
1611
1939
1937
1987
1850
1933
1940
1852
1916
1890
1902
1934
1929
1875
1871
1821
1831
1823
1848
1836
1837
430
1924
1851
1950
1809
1878
1913
1880
1919
1889
1918
1828
1824
1912
1882
1826
1860
1881
927
684
435
1914
548
518
1921
1870
1897
1838
1868
468
1819
1839
1900
2681
1849
530
531
1898
1896
1840
1841
525
504
444
1812
1843
493
381
350
1835
1834
1832
1829
539
420
1863
509
1856
1822
1858
1807
467
1857
553
1923
465
496
559
2484
552
557
547
551
429
549
463
407
1811
1813
2012
471
2077
390
532
522
500
472
1808
521
501
520
85
453
384
514
494
516
499
479
505
488
408
487
478
1845
386
486
2736
2105
2029
413
427
2890
511
1920
1958
344
282
480
483
482
529
411
419
418
481
368
422
448
416
2735
389
1765
457
406
295
81
449
410
2891
349
414
337
369
396
523
363
362
348
415
392
336
358
338
383
341
346
280
393
412
400
380
404
175
303
312
405
378
377
376
285
398
375
403
402
374
339
399
352
356
357
347
261
259
256
464
351
235
204
1366
322
310
221
342
328
329
299
304
1820
234
248
141
243
249
300
294
343
279
246
276
291
2524
253
293
290
120
257
271
297
264
260
162
214
195
254
255
252
2743
244
1938
233
266
231
364
188
318
2970
207
191
190
176
239
225
325
245
182
203
2739
217
241
219
224
194
201
2579
218
220
215
1830
193
213
2102
230
189
240
2769
2958
935
211
209
251
2191
2976
186
199
202
208
582
185
184
205
198
174
150
137
125
140
197
132
169
173
164
2316
178
172
108
105
152
146
163
170
161
101
2181
583
177
160
586
2781
167
159
156
157
135
153
2782
129
180
179
409
158
287
286
136
131
445
87
142
171
469
545
554
155
149
122
148
562
426
133
121
123
134
2266
2698
881
1585
103
124
99
106
475
107
210
477
485
2783
497
585
126
2784
1707
1917
288
454
537
289
428
2790
1867
421
119
1584
503
143
88
298
1530
528
434
86
561
546
332
502
314
544
558
433
102
2240
2236
1825
2767
534
2565
90
145
476
2818
118
327
114
2955
2261
1874
139
84
543
536
2297
2307
2304
138
154
2306
2317
2993
2311
458
151
517
144
490
489
2837
315
316
2346
2350
277
321
147
82
2246
2846
2247
2272
2780
2270
2703
2275
2274
2276
2829
2283
2284
2291
2302
2321
2315
2314
2983
2330
2332
2327
2328
2329
2136
2412
2340
2862
2930
2954
2932
2928
2336
2940
2338
2419
2991
2244
2349
2352
2777
2279
2984
272
2357
2363
2361
2354
2235
2365
2840
2367
2371
2369
2936
2986
2257
2388
2378
2382
2397
2231
263
2893
2987
2988
2400
250
262
2403
2431
2405
2989
2714
2409
2411
2410
2990
2994
1425
2228
2992
2036
2229
2420
2249
2428
608
2233
2256
2422
2353
2423
2465
2583
2585
2429
2243
2825
2875
2876
2342
2883
2471
2477
2625
2389
2482
2842
2843
2254
2900
2901
2902
2324
2908
2943
2878
2446
2889
2425
2426
2440
2372
2255
2427
2421
2430
2432
2023
2513
1550
2434
2439
2433
2263
2436
2444
2486
2424
2754
2461
2457
2595
2456
2460
2917
2458
2473
2472
2886
2592
2601
2615
2607
2888
2881
2879
2525
2485
2892
2488
2347
2920
2899
2898
2308
2309
2909
2907
2904
2905
2910
2313
2589
2817
2323
2301
2399
2913
2522
2521
2523
2373
2844
1413
2490
2262
2539
2544
2491
2265
2645
2545
2702
2542
2540
2547
2572
2726
2564
2536
2407
2619
2593
2699
2969
2700
2608
2606
2538
2922
2967
2624
2845
2600
2966
2623
2591
2627
2527
2634
2626
2613
2685
1285
2944
2498
2785
1423
655
2690
2691
1337
2640
1255
2646
2859
2707
1323
2641
2656
1833
2712
2590
2648
2659
2711
91
2392
2655
2650
2639
2651
2786
2674
2664
2669
2671
2667
2666
1084
2687
2684
2757
2686
2762
1932
2705
2749
2748
2692
2402
2799
2611
2620
2259
1477
2839
2821
2706
2708
2658
1922
2849
2866
2333
1069
2695
2391
2384
2718
2724
2734
2722
2720
2755
2721
2728
2742
2738
2731
2281
2737
2740
2752
2751
2793
2750
2760
979
2763
2775
1368
2794
2800
2802
2804
2795
2791
2803
2815
2816
2616
2824
2810
2809
2868
2853
2493
2248
2827
2858
2865
2851
2835
2856
2519
2770
2855
2852
2285
2290
2480
2654
2861
2854
2318
2773
917
2242
2925
2021
1011
2277
1655
2300
2344
2208
2906
2295
2387
1189
2597
2628
2377
2376
281
270
2555
2359
2673
2509
2173
2374
2747
627
2551
2278
8
2245
2435
2694
1862
2598
2381
2812
2510
2464
2463
2501
2577
2517
2683
2926
2860
2034
2500
2356
2251
2927
2677
2676
2379
2366
2819
2675
2975
2871
2979
2364
2474
2512
2921
2670
2929
2688
2823
2028
1979
2026
2939
2469
2599
2682
2949
2948
2288
2951
2952
2438
2679
2957
2635
555
2576
1817
58
2401
2644
1893
2945
110
2286
2287
2974
2535
2973
2765
2322
2605
2241
370
2380
2946
2414
2833
2798
2537
359
2756
2532
2924
2923
2938
2370
2933
2515
2437
2935
2481
2934
2942
2941
2953
2335
2541
460
2385
2531
2956
2959
423
2678
2569
2383
2550
2911
2360
2520
2977
2617
2554
2618
2693
2362
2466
2106
2104
2546
2649
2351
2479
2448
2250
2345
2549
864
2452
2489
2552
2822
2630
2701
2746
2273
1656
2088
2814
2543
2912
2753
2453
2416
54
2415
2417
2586
2719
2530
1674
2610
2653
2548
2885
2454
832
2947
1163
491
2418
2730
2761
2455
2450
2828
2968
2981
2813
2832
2358
2398
2495
2227
2070
2494
2964
767
1058
2467
2622
2039
2006
2470
2459
2727
2503
2716
1763
443
2713
2874
2715
2937
2497
2807
1590
2668
93
2857
2789
333
2282
2950
2811
2850
2396
1666
1964
127
2961
2643
2499
2774
2343
2355
705
2216
2393
2848
2931
2820
758
2638
2741
2870
2792
2506
2744
2642
2445
2771
2449
2689
2462
2553
2778
2704
2451
2518
2725
2526
2723
68
2570
94
2030
2863
2797
2037
1746
2442
1994
2516
2772
2514
2629
2614
2556
2528
2758
2884
2717
1864
921
1016
862
1167
2594
2341
2887
2404
1930
658
606
624
617
438
2395
2212
942
945
2116
508
1279
2838
2348
2137
2960
664
2559
439
677
2140
2566
2152
2580
652
2581
2971
2563
765
782
2980
2161
2157
2123
771
324
306
2214
2985
2647
1975
113
2268
716
639
594
592
731
317
2632
115
2025
311
2043
1488
1457
1695
2633
603
1806
269
1797
1804
1564
1554
1434
1414
1227
2225
587
924
962
1487
309
1810
2149
2046
308
273
1533
1969
247
542
495
891
2160
130
96
2003
2584
466
366
538
450
679
541
1050
2151
666
1051
1612
1546
1583
1980
781
2732
2223
1778
2224
2914
232
1362
1256
1259
1286
1177
1537
372
385
1861
323
2587
1876
307
258
1075
789
181
459
1800
1911
916
1486
2200
36
1422
2005
1873
922
1854
451
165
2660
1523
1762
2014
1865
52
2122
2076
2044
265
2084
2054
993
1041
1063
2013
3011
187
2130
1046
431
2178
183
1157
1518
1001
1631
610
1184
661
1097
675
674
670
2805
1122
1126
1196
1229
936
1232
1242
1244
1260
1522
2507
1375
1364
1440
971
607
1475
1704
335
1143
1136
1376
1436
1426
1133
1132
581
1439
2271
568
1474
848
845
2836
841
1489
828
856
683
855
1701
754
1495
1536
1535
1553
206
822
826
1532
825
1531
1233
673
818
813
803
737
715
1574
1250
1766
1578
1744
1658
956
748
1673
1678
1691
1684
2573
212
77
1304
2574
200
65
2568
196
1513
1134
1299
2560
2588
911
2696
909
966
1953
1957
908
2787
2766
2320
920
919
526
937
2100
1842
1771
1529
2072
1494
2796
933
965
229
1114
16
1734
1552
946
968
976
957
796
2319
1138
1243
2326
2325
1248
1129
2578
1247
2267
2269
1173
2292
2293
2258
2252
2253
1164
2264
1738
724
2296
1112
1168
1650
1740
1622
729
2230
95
2413
1758
1614
1111
2237
452
605
2024
2234
1447
2299
1008
97
1005
1230
274
1300
2476
112
1231
1241
104
2093
1240
109
1238
2709
1237
1253
634
2129
1236
1249
2368
854
1814
1190
806
1110
1595
1723
116
117
1959
2672
2759
2995
2841
1847
982
2764
980
1009
37
1012
2808
960
2867
2834
2603
1716
2169
1019
1144
780
1947
1869
32
1945
1866
60
1955
34
1480
1389
62
1827
1393
1295
237
1651
2788
27
14
2561
10
17
2916
2915
2919
808
2079
11
222
43
72
2052
216
238
242
47
50
2475
70
226
48
1689
1582
64
73
391
69
387
75
394
1996
1799
1252
1507
1448
2182
721
1152
319
1726
330
388
2339
395
1779
595
401
1558
1803
1124
1199
236
1280
574
2982
2483
2007
1974
1493
3012
2096
1052
166
2148
2631
2637
3013
1698
821
1195
2294
292
1166
227
223
2045
2657
1397
2239
929
436
1290
2468
598
2211
1570
2103
355
1018
83
515
98
2020
320
2337
2310
2567
2508
1699
440
2847
456
1500
2806
1892
1891
2015
2903
2394
590
1427
2965
89
2390
2107
667
589
2864
3014
2111
604
2492
702
830
735
1598
2198
461
2121
2068
2280
1162
1416
1161
2558
550
3015
2636
2131
1034
1855
470
2443
2197
3016
2612
687
2238
2972
92
100
1310
63
3017
3018
3020
3019
3021
3025
686
3022
3023
1029
3029
3026
649
3028
3030
3027
2877
3024
3031
563
2897
713
283
492
2289
2406
3032
3033
1952
3034
3035
2305
2303
1931
2298
2830
1903
2534
2101
278
2120
1948
1846
1883
484
2894
2487
447
345
268
267
432
473
540
2232
2331
2334
2408
2895
2447
2478
2529
2260
2074
2869
2134
2504
2978
2768
2496
2880
2205
474
940
2312
1175
1207
2170
951
2826
367
1993
365
733
2113
1070
1296
340
1277
1282
2441
1315
535
1466
556
1292
519
507
2179
2150
437
2145
2154
630
2602
2201
710
611
313
334
2604